300.0                               49454.23160887445
304.4                               49833.98487079251
308.8                               50213.738132710554
313.2                               50593.49139462863
317.6                               50973.24465654668
322.0                               51352.99791846474
326.4                               51732.751180382795
330.8                               52112.50444230085
335.2                               52492.25770421892
339.6                               52872.01096613698
344.0                               53251.764228055035
348.4                               53631.517489973085
352.8                               54011.27075189114
357.2                               54391.02401380921
361.6                               54770.77727572727
366.0                               55150.530537645325
370.4                               55530.28379956338
374.8                               55910.03706148144
379.2                               56289.79032339951
383.6                               56669.543585317566
388.0                               57049.296847235615
392.4                               57429.05010915367
396.8                               57808.80337107173
401.2                               58188.5566329898
405.6                               58568.309894907856
410.0                               58948.06315682591
414.4                               59327.81641874397
418.8                               59707.56968066202
423.20000000000005                               60087.3229425801
427.6                               60467.076204498146
432.0                               60846.8294664162
436.4                               61226.58272833426
440.8                               61606.335990252315
445.20000000000005                               61986.089252170386
449.6                               62365.84251408844
454.0                               62745.5957760065
458.4                               63125.34903792455
462.8                               63505.102299842605
467.20000000000005                               63884.855561760676
471.6                               64264.60882367873
476.0                               64644.36208559679
480.4                               65024.115347514846
484.8                               65403.8686094329
489.20000000000005                               65783.62187135097
493.6                               66163.37513326903
498.0                               66543.12839518709
502.4                               66922.88165710514
506.8                               67302.63491902318
511.20000000000005                               67682.38818094127
515.6                               68062.14144285933
520.0                               68441.89470477737
524.4                               68821.64796669543
528.8                               69201.40122861348
533.2                               69581.15449053155
537.6                               69960.90775244961
542.0                               70340.66101436767
546.4000000000001                               70720.41427628574
550.8                               71100.16753820378
555.2                               71479.92080012185
559.6                               71859.6740620399
564.0                               72239.42732395796
568.4000000000001                               72619.18058587603
572.8                               72998.93384779408
577.2                               73378.68710971215
581.6                               73758.4403716302
586.0                               74138.19363354826
590.4000000000001                               74517.94689546633
594.8                               74897.70015738436
599.2                               75277.45341930243
603.6                               75657.20668122049
608.0                               76036.95994313854
612.4000000000001                               76416.71320505661
616.8                               76796.46646697466
621.2                               77176.21972889273
625.6                               77555.97299081078
630.0                               77935.72625272884
634.4000000000001                               78315.47951464691
638.8                               78695.23277656495
643.2                               79074.98603848302
647.6                               79454.73930040108
652.0                               79834.49256231914
656.4000000000001                               80214.24582423721
660.8                               80593.99908615524
665.2                               80973.75234807332
669.6                               81353.50560999136
674.0                               81733.25887190942
678.4000000000001                               82113.0121338275
682.8                               82492.76539574553
687.2                               82872.5186576636
691.6                               83252.27191958166
696.0                               83632.02518149972
700.4000000000001                               84011.77844341779
704.8                               84391.53170533583
709.2                               84771.2849672539
713.6                               85151.03822917196
718.0                               85530.79149109001
722.4000000000001                               85910.54475300809
726.8                               86290.29801492613
731.2                               86670.0512768442
735.6                               87049.80453876226
740.0                               87429.5578006803
744.4000000000001                               87809.31106259838
748.8                               88189.06432451641
753.2                               88568.81758643448
757.6                               88948.57084835254
762.0                               89328.3241102706
766.4000000000001                               89708.07737218867
770.8                               90087.83063410671
775.2                               90467.58389602478
779.6                               90847.33715794283
784.0                               91227.09041986089
788.4000000000001                               91606.84368177896
792.8000000000001                               91986.59694369702
797.2                               92366.35020561508
801.6                               92746.10346753313
806.0                               93125.85672945119
810.4000000000001                               93505.60999136926
814.8000000000001                               93885.36325328732
819.2                               94265.11651520537
823.6                               94644.86977712341
828.0                               95024.62303904147
832.4000000000001                               95404.37630095954
836.8000000000001                               95784.12956287758
841.2                               96163.88282479566
845.6                               96543.63608671371
850.0                               96923.38934863177
854.4000000000001                               97303.14261054984
858.8000000000001                               97682.89587246788
863.2                               98062.64913438595
867.6                               98442.40239630401
872.0                               98822.15565822207
876.4000000000001                               99201.90892014014
880.8000000000001                               99581.66218205816
885.2                               99961.41544397625
889.6                               100341.1687058943
894.0                               100720.92196781235
898.4000000000001                               101100.67522973043
902.8000000000001                               101480.42849164846
907.2                               101860.18175356653
911.6                               102239.93501548459
916.0                               102619.68827740265
920.4000000000001                               102999.44153932072
924.8000000000001                               103379.19480123876
929.2                               103758.94806315683
933.6                               104138.70132507489
938.0                               104518.45458699294
942.4000000000001                               104898.20784891101
946.8000000000001                               105277.96111082906
951.2                               105657.71437274713
955.6                               106037.46763466518
960.0                               106417.22089658324
964.4000000000001                               106796.97415850131
968.8000000000001                               107176.72742041934
973.2                               107556.48068233741
977.6                               107936.23394425547
982.0                               108315.98720617352
986.4000000000001                               108695.7404680916
990.8000000000001                               109075.49373000964
995.2                               109455.2469919277
999.6                               109835.00025384576
1004.0                               110214.75351576382
1008.4000000000001                               110594.50677768189
1012.8000000000001                               110974.26003959993
1017.2                               111354.013301518
1021.6                               111733.76656343606
1026.0                               112113.51982535412
1030.4                               112493.27308727219
1034.8000000000002                               112873.02634919024
1039.2                               113252.7796111083
1043.6                               113632.53287302633
1048.0                               114012.2861349444
1052.4                               114392.03939686247
1056.8000000000002                               114771.79265878053
1061.2                               115151.54592069858
1065.6                               115531.29918261663
1070.0                               115911.0524445347
1074.4                               116290.80570645277
1078.8000000000002                               116670.55896837082
1083.2                               117050.31223028888
1087.6                               117430.06549220692
1092.0                               117809.818754125
1096.4                               118189.57201604306
1100.8000000000002                               118569.32527796112
1105.2                               118949.07853987918
1109.6                               119328.8318017972
1114.0                               119708.58506371528
1118.4                               120088.33832563336
1122.8000000000002                               120468.0915875514
1127.2                               120847.84484946946
1131.6                               121227.5981113875
1136.0                               121607.35137330557
1140.4                               121987.10463522364
1144.8000000000002                               122366.8578971417
1149.2                               122746.61115905976
1153.6                               123126.36442097781
1158.0                               123506.11768289589
1162.4                               123885.87094481399
1166.8000000000002                               124265.62420673211
1171.2                               124645.37746865032
1175.6                               125025.13073056872
1180.0                               125404.88399248768
1184.4                               125784.63725440785
1188.8000000000002                               126164.39051633106
1193.2                               126544.14377826148
1197.6                               126923.89704020934
1202.0                               127303.6503021993
1206.4                               127683.40356429067
1210.8000000000002                               128063.1568266266
1215.2                               128442.91008955205
1219.6                               128822.66335389885
1224.0                               129202.41662167241
1228.4                               129582.16989770748
1232.8000000000002                               129961.92319366017
1237.2                               130341.67653763235
1241.6                               130721.42999737467
1246.0                               131101.1837362272
1250.4                               131480.93814798634
1254.8000000000002                               131860.69418205583
1259.2                               132240.45412735193
1263.6                               132620.22350221858
1268.0                               133000.015610807
1272.4                               133379.86252796132
1276.8000000000002                               133759.84158215733
1281.2                               134140.13920019762
1285.6000000000001                               134521.20481284827
1290.0                               134904.1218040757
1294.4                               135291.50124081364
1298.8000000000002                               135689.63312935928
1303.2                               136113.65293871157
1307.6000000000001                               136599.88214451598
1312.0                               137234.91574033056
1316.4                               138221.97889532475
1320.8000000000002                               140020.20782234467
1325.2                               143575.48317627262
1329.6000000000001                               150435.73052803453
1334.0                               161855.57775254786
1338.4                               176300.61963930077
1342.8000000000002                               189215.22714682628
1347.2                               197673.3122590706
1351.6000000000001                               202229.01049360668
1356.0                               204523.2695091932
1360.4                               205732.26149583928
1364.8000000000002                               206462.31510043066
1369.2                               206988.48145130335
1373.6000000000001                               207429.15775446405
1378.0                               207834.214244131
1382.4                               208224.4686058494
1386.8000000000002                               208608.57853495624
1391.2                               208990.13903841923
1395.6000000000001                               209370.6419425744
1400.0                               209750.70614832806
1404.4                               210130.58838530374
1408.8000000000002                               210510.3951440211
1413.2                               210890.170595523
1417.6000000000001                               211269.93306130572
1422.0                               211649.6901408303
1426.4                               212029.44498622644
1430.8000000000002                               212409.1989049442
1435.2                               212788.9524392915
1439.6000000000001                               213168.70581420857
1444.0                               213548.4591229967
1448.4                               213928.21240435567
1452.8000000000002                               214307.96567433747
1457.2                               214687.71893960022
1461.6000000000001                               215067.47220290563
1466.0                               215447.22546539913
1470.4                               215826.97872755586
1474.8000000000002                               216206.73198957293
1479.2                               216586.48525153205
1483.6000000000001                               216966.23851346713
1488.0                               217345.99177539223
1492.4                               217725.74503731326
1496.8000000000002                               218105.4982992325
1501.2                               218485.25156115106
1505.6000000000001                               218865.00482306938
1510.0                               219244.75808498746
1514.4                               219624.51134690558
1518.8000000000002                               220004.26460882367
1523.2                               220384.01787074172
1527.6000000000001                               220763.7711326598
1532.0                               221143.52439457783
1536.4                               221523.27765649592
1540.8000000000002                               221903.03091841398
1545.2                               222282.78418033203
1549.6000000000001                               222662.5374422501
1554.0                               223042.29070416815
1558.4                               223422.0439660862
1562.8000000000002                               223801.7972280043
1567.2                               224181.55048992232
1571.6000000000001                               224561.3037518404
1576.0                               224941.05701375843
1580.4                               225320.81027567651
1584.8000000000002                               225700.56353759457
1589.2                               226080.31679951263
1593.6000000000001                               226460.07006143068
1598.0                               226839.8233233487
1602.4                               227219.5765852668
1606.8000000000002                               227599.32984718488
1611.2                               227979.0831091029
1615.6000000000001                               228358.83637102097
1620.0                               228738.58963293902
1624.4                               229118.34289485708
1628.8000000000002                               229498.09615677517
1633.2                               229877.8494186932
1637.6000000000001                               230257.60268061128
1642.0                               230637.3559425293
1646.4                               231017.1092044474
1650.8000000000002                               231396.86246636545
1655.2                               231776.6157282835
1659.6000000000001                               232156.36899020153
1664.0                               232536.1222521196
1668.4                               232915.87551403767
1672.8000000000002                               233295.62877595576
1677.2                               233675.3820378738
1681.6000000000001                               234055.13529979181
1686.0                               234434.8885617099
1690.4                               234814.64182362796
1694.8000000000002                               235194.39508554604
1699.2                               235574.14834746407
1703.6000000000001                               235953.90160938213
1708.0                               236333.65487130018
1712.4                               236713.40813321827
1716.8000000000002                               237093.16139513633
1721.2                               237472.91465705438
1725.6000000000001                               237852.6679189724
1730.0000000000002                               238232.42118089052
1734.4                               238612.17444280855
1738.8000000000002                               238991.92770472664
1743.2                               239371.68096664466
1747.6000000000001                               239751.4342285627
1752.0000000000002                               240131.1874904808
1756.4                               240510.94075239883
1760.8000000000002                               240890.69401431692
1765.2                               241270.44727623495
1769.6000000000001                               241650.200538153
1774.0000000000002                               242029.9538000711
1778.4                               242409.70706198915
1782.8000000000002                               242789.4603239072
1787.2                               243169.21358582526
1791.6000000000001                               243548.9668477433
1796.0000000000002                               243928.7201096614
1800.4                               244308.47337157943
1804.8000000000002                               244688.2266334975
1809.2                               245067.97989541554
1813.6000000000001                               245447.73315733357
1818.0000000000002                               245827.48641925168
1822.4                               246207.2396811697
1826.8000000000002                               246586.9929430878
1831.2                               246966.74620500582
1835.6000000000001                               247346.49946692388
1840.0000000000002                               247726.252728842
1844.4                               248106.00599076002
1848.8000000000002                               248485.75925267808
1853.2                               248865.51251459614
1857.6000000000001                               249245.26577651416
1862.0000000000002                               249625.01903843228
1866.4                               250004.7723003503
1870.8000000000002                               250384.5255622684
1875.2                               250764.27882418642
1879.6000000000001                               251144.03208610445
1884.0000000000002                               251523.78534802256
1888.4                               251903.53860994062
1892.8000000000002                               252283.29187185867
1897.2                               252663.0451337767
1901.6000000000001                               253042.79839569476
1906.0000000000002                               253422.55165761287
1910.4                               253802.3049195309
1914.8000000000002                               254182.05818144896
1919.2                               254561.811443367
1923.6000000000001                               254941.56470528504
1928.0000000000002                               255321.31796720315
1932.4                               255701.07122912118
1936.8000000000002                               256080.82449103927
1941.2                               256460.5777529573
1945.6000000000001                               256840.33101487532
1950.0000000000002                               257220.08427679344
1954.4                               257599.8375387115
1958.8000000000002                               257979.59080062955
1963.2                               258359.3440625476
1967.6000000000001                               258739.09732446563
1972.0000000000002                               259118.85058638375
1976.4                               259498.60384830178
1980.8000000000002                               259878.35711021986
1985.2                               260258.1103721379
1989.6000000000001                               260637.86363405592
1994.0000000000002                               261017.61689597403
1998.4                               261397.37015789206
2002.8000000000002                               261777.12341981014
2007.2                               262156.8766817282
2011.6000000000001                               262536.6299436462
2016.0000000000002                               262916.38320556434
2020.4                               263296.13646748237
2024.8000000000002                               263675.88972940046
2029.2                               264055.6429913185
2033.6000000000001                               264435.3962532365
2038.0000000000002                               264815.1495151546
2042.4                               265194.9027770727
2046.8000000000002                               265574.6560389907
2051.2                               265954.40930090874
2055.6000000000004                               266334.1625628268
2060.0                               266713.91582474485
2064.4                               267093.66908666294
2068.8                               267473.422348581
2073.2                               267853.175610499
2077.6000000000004                               268232.92887241713
2082.0                               268612.68213433516
2086.4                               268992.43539625325
2090.8                               269372.18865817133
2095.2                               269751.9419200893
2099.6000000000004                               270131.69518200745
2104.0                               270511.4484439255
2108.4                               270891.20170584356
2112.8                               271270.9549677616
2117.2                               271650.7082296796
2121.6000000000004                               272030.4614915977
2126.0                               272410.2147535157
2130.4                               272789.9680154338
2134.8                               273169.7212773519
2139.2                               273549.4745392699
2143.6000000000004                               273929.227801188
2148.0                               274308.98106310604
2152.4                               274688.7343250241
2156.8                               275068.4875869422
2161.2                               275448.2408488602
2165.6000000000004                               275827.9941107783
2170.0                               276207.74737269635
2174.4                               276587.50063461444
2178.8                               276967.25389653246
2183.2                               277347.0071584505
2187.6000000000004                               277726.7604203686
2192.0                               278106.5136822866
2196.4                               278486.2669442047
2200.8                               278866.0202061228
2205.2                               279245.7734680408
2209.6000000000004                               279625.5267299589
2214.0                               280005.2799918769
2218.4                               280385.033253795
2222.8                               280764.7865157131
2227.2                               281144.53977763106
2231.6000000000004                               281524.2930395492
2236.0                               281904.0463014672
2240.4                               282283.7995633853
2244.8                               282663.55282530334
2249.2                               283043.30608722137
2253.6000000000004                               283423.05934913945
2258.0                               283802.8126110575
2262.4                               284182.56587297557
2266.8                               284562.31913489365
2271.2000000000003                               284942.07239681174
2275.6000000000004                               285321.82565872977
2280.0                               285701.5789206478
2284.4                               286081.3321825659
2288.8                               286461.08544448396
2293.2000000000003                               286840.83870640205
2297.6000000000004                               287220.5919683201
2302.0                               287600.3452302381
2306.4                               287980.0984921562
2310.8                               288359.8517540742
2315.2000000000003                               288739.6050159923
2319.6000000000004                               289119.35827791033
2324.0                               289499.1115398284
2328.4                               289878.86480174644
2332.8                               290258.61806366453
2337.2000000000003                               290638.3713255826
2341.6000000000004                               291018.12458750064
2346.0                               291397.87784941867
2350.4                               291777.63111133676
2354.8                               292157.38437325484
2359.2000000000003                               292537.1376351729
2363.6000000000004                               292916.89089709095
2368.0                               293296.644159009
2372.4                               293676.39742092707
2376.8                               294056.1506828451
2381.2000000000003                               294435.9039447632
2385.6000000000004                               294815.6572066812
2390.0                               295195.4104685993
2394.4                               295575.1637305173
2398.8                               295954.9169924354
2403.2000000000003                               296334.6702543535
2407.6000000000004                               296714.4235162715
2412.0                               297094.17677818955
2416.4                               297473.93004010763
2420.8                               297853.6833020257
2425.2000000000003                               298233.4365639438
2429.6000000000004                               298613.18982586183
2434.0                               298992.94308777986
2438.4                               299372.69634969794
2442.8                               299752.449611616
2447.2000000000003                               300132.20287353406
2451.6000000000004                               300511.9561354521
2456.0                               300891.70939737017
2460.4                               301271.4626592882
2464.8                               301651.2159212063
2469.2000000000003                               302030.96918312437
2473.6000000000004                               302410.7224450424
2478.0                               302790.4757069604
2482.4                               303170.2289688785
2486.8                               303549.98223079654
2491.2000000000003                               303929.7354927147
2495.6000000000004                               304309.4887546327
2500.0                               304689.24201655074
