300.0                               2190.0269541778976
304.4                               3398.247978436677
308.8                               4606.469002695457
313.2                               5814.690026954237
317.6                               7022.911051212894
322.0                               8231.132075471673
326.4                               9439.353099730453
330.8                               10647.574123989232
335.2                               11855.795148248013
339.6                               13064.016172506792
344.0                               14272.237196765449
348.4                               15480.458221024228
352.8                               16688.67924528301
357.2                               17896.900269541788
361.6                               19105.121293800566
366.0                               20313.342318059345
370.4                               21521.563342318004
374.8                               22729.784366576783
379.2                               23938.005390835562
383.6                               25146.226415094345
388.0                               26354.447439353124
392.4                               27562.668463611903
396.8                               28770.88948787056
401.2                               29979.11051212934
405.6                               31187.33153638812
410.0                               32395.5525606469
414.4                               33603.77358490568
418.8                               34811.994609164394
423.20000000000005                               36020.21563342318
427.6                               37228.43665768196
432.0                               38436.65768194068
436.4                               39644.87870619945
440.8                               40853.099730458234
445.20000000000005                               42061.32075471695
449.6                               43269.541778975734
454.0                               44477.76280323451
458.4                               45685.983827493226
462.8                               46894.20485175201
467.20000000000005                               48102.42587601079
471.6                               49310.64690026957
476.0                               50518.867924528284
480.4                               51727.088948787066
484.8                               52935.30997304578
489.20000000000005                               54143.530997304566
493.6                               55351.75202156334
498.0                               56559.973045822124
502.4                               57768.19407008084
506.8                               58976.41509433962
511.20000000000005                               60184.6361185984
515.6                               61392.85714285712
520.0                               62601.0781671159
524.4                               63809.29919137468
528.8                               65017.5202156334
533.2                               66225.74123989217
537.6                               67433.96226415096
542.0                               68642.18328840968
546.4000000000001                               69850.40431266846
550.8                               71058.62533692723
555.2                               72266.84636118595
559.6                               73475.06738544474
564.0                               74683.28840970351
568.4000000000001                               75891.50943396223
572.8                               77099.730458221
577.2                               78307.9514824798
581.6                               79516.17250673857
586.0                               80724.39353099729
590.4000000000001                               81932.61455525606
594.8                               83140.83557951485
599.2                               84349.05660377357
603.6                               85557.27762803235
608.0                               86765.49865229112
612.4000000000001                               87973.71967654984
616.8                               89181.94070080863
621.2                               90390.1617250674
625.6                               91598.38274932612
630.0                               92806.6037735849
634.4000000000001                               94014.82479784368
638.8                               95223.0458221024
643.2                               96431.26684636118
647.6                               97639.48787061995
652.0                               98847.70889487867
656.4000000000001                               100055.92991913746
660.8                               101264.15094339623
665.2                               102472.37196765495
669.6                               103680.59299191373
674.0                               104888.81401617252
678.4000000000001                               106097.03504043123
682.8                               107305.25606469001
687.2                               108513.47708894878
691.6                               109721.69811320757
696.0                               110929.91913746629
700.4000000000001                               112138.14016172507
704.8                               113346.36118598384
709.2                               114554.58221024257
713.6                               115762.80323450135
718.0                               116971.02425876012
722.4000000000001                               118179.24528301884
726.8                               119387.46630727763
731.2                               120595.68733153635
735.6                               121803.90835579512
740.0                               123012.1293800539
744.4000000000001                               124220.35040431269
748.8                               125428.5714285714
753.2                               126636.79245283018
757.6                               127845.01347708896
762.0                               129053.23450134767
766.4000000000001                               130261.45552560646
770.8                               131469.67654986522
775.2                               132677.89757412396
779.6                               133886.11859838275
784.0                               135094.3396226415
788.4000000000001                               136302.56064690024
792.8000000000001                               137510.7816711591
797.2                               138719.0026954178
801.6                               139927.22371967658
806.0                               141135.44474393528
810.4000000000001                               142343.66576819407
814.8000000000001                               143551.88679245292
819.2                               144760.10781671156
823.6                               145968.32884097035
828.0                               147176.5498652291
832.4000000000001                               148384.77088948785
836.8000000000001                               149592.9919137467
841.2                               150801.21293800534
845.6                               152009.43396226413
850.0                               153217.65498652292
854.4000000000001                               154425.87601078168
858.8000000000001                               155634.09703504047
863.2                               156842.31805929917
867.6                               158050.53908355796
872.0                               159258.7601078167
876.4000000000001                               160466.98113207545
880.8000000000001                               161675.2021563343
885.2                               162883.42318059294
889.6                               164091.64420485173
894.0                               165299.86522911052
898.4000000000001                               166508.08625336923
902.8000000000001                               167716.30727762808
907.2                               168924.5283018868
911.6                               170132.74932614557
916.0                               171340.9703504043
920.4000000000001                               172549.19137466306
924.8000000000001                               173757.4123989219
929.2                               174965.63342318058
933.6                               176173.85444743934
938.0                               177382.07547169813
942.4000000000001                               178590.29649595683
946.8000000000001                               179798.51752021568
951.2                               181006.73854447436
955.6                               182214.95956873312
960.0                               183423.1805929919
964.4000000000001                               184631.4016172507
968.8000000000001                               185839.6226415094
973.2                               187047.8436657682
977.6                               188256.06469002695
982.0                               189464.28571428568
986.4000000000001                               190672.50673854447
990.8000000000001                               191880.72776280323
995.2                               193088.94878706196
999.6                               194297.16981132072
1004.0                               195505.3908355795
1008.4000000000001                               196713.61185983825
1012.8000000000001                               197921.832884097
1017.2                               199130.0539083558
1021.6                               200338.2749326146
1026.0                               201546.4959568733
1030.4                               202754.71698113208
1034.8000000000002                               203962.93800539084
1039.2                               205171.15902964957
1043.6                               206379.38005390836
1048.0                               207587.60107816712
1052.4                               208795.82210242585
1056.8000000000002                               210004.0431266847
1061.2                               211212.26415094335
1065.6                               212420.48517520213
1070.0                               213628.7061994609
1074.4                               214836.9272237197
1078.8000000000002                               216045.14824797848
1083.2                               217253.36927223718
1087.6                               218461.59029649597
1092.0                               219669.81132075467
1096.4                               220878.03234501346
1100.8000000000002                               222086.25336927225
1105.2                               223294.47439353095
1109.6                               224502.69541778974
1114.0                               225710.91644204853
1118.4                               226919.13746630723
1122.8000000000002                               228127.35849056608
1127.2                               229335.57951482479
1131.6                               230543.80053908358
1136.0                               231752.0215633423
1140.4                               232960.24258760107
1144.8000000000002                               234168.46361185986
1149.2                               235376.68463611856
1153.6                               236584.90566037735
1158.0                               237793.12668463614
1162.4                               239001.3477088949
1166.8000000000002                               240209.5687331537
1171.2                               241417.78975741233
1175.6                               242626.01078167112
1180.0                               243834.2318059299
1184.4                               245042.45283018867
1188.8000000000002                               246250.67385444746
1193.2                               247458.8948787062
1197.6                               248667.1159029649
1202.0                               249875.3369272237
1206.4                               251083.55795148245
1210.8000000000002                               252291.77897574124
1215.2                               253499.99999999997
1219.6                               254708.22102425873
1224.0                               255916.44204851752
1228.4                               257124.6630727763
1232.8000000000002                               258332.88409703507
1237.2                               259541.1051212938
1241.6                               260749.3261455525
1246.0                               261957.5471698113
1250.4                               263165.7681940701
1254.8000000000002                               264373.98921832885
1259.2                               265582.21024258755
1263.6                               266790.43126684637
1268.0                               267998.6522911051
1272.4                               269206.8733153639
1276.8000000000002                               270415.0943396227
1281.2                               271623.31536388135
1285.6000000000001                               272831.5363881402
1290.0                               274039.75741239893
1294.4                               275247.9784366577
1298.8000000000002                               276456.19946091645
1303.2                               277664.42048517516
1307.6000000000001                               278872.64150943403
1312.0                               280080.8625336927
1316.4                               281289.08355795144
1320.8000000000002                               282497.30458221026
1325.2                               283705.52560646896
1329.6000000000001                               284913.7466307278
1334.0                               286121.96765498654
1338.4                               287330.1886792453
1342.8000000000002                               288538.40970350406
1347.2                               289746.6307277628
1351.6000000000001                               290954.8517520216
1356.0                               292163.0727762803
1360.4                               293371.2938005391
1364.8000000000002                               294579.51482479787
1369.2                               295787.73584905657
1373.6000000000001                               296995.9568733154
1378.0                               298204.17789757415
1382.4                               299412.3989218329
1386.8000000000002                               300620.61994609167
1391.2                               301828.8409703504
1395.6000000000001                               303037.0619946092
1400.0                               304245.2830188679
1404.4                               305453.5040431267
1408.8000000000002                               306661.7250673855
1413.2                               307869.9460916442
1417.6000000000001                               309078.16711590305
1422.0                               310286.3881401617
1426.4                               311494.60916442046
1430.8000000000002                               312702.8301886792
1435.2                               313911.051212938
1439.6000000000001                               315119.2722371968
1444.0                               316327.4932614555
1448.4                               317535.7142857143
1452.8000000000002                               318743.9353099731
1457.2                               319952.1563342318
1461.6000000000001                               321160.3773584906
1466.0                               322368.5983827493
1470.4                               323576.81940700806
1474.8000000000002                               324785.0404312669
1479.2                               325993.2614555256
1483.6000000000001                               327201.4824797844
1488.0                               328409.7035040431
1492.4                               329617.9245283019
1496.8000000000002                               330826.1455525607
1501.2                               332034.36657681933
1505.6000000000001                               333242.5876010782
1510.0                               334450.8086253369
1514.4                               335659.0296495957
1518.8000000000002                               336867.2506738545
1523.2                               338075.4716981132
1527.6000000000001                               339283.692722372
1532.0                               340491.9137466307
1536.4                               341700.1347708895
1540.8000000000002                               342908.35579514824
1545.2                               344116.57681940694
1549.6000000000001                               345324.7978436658
1554.0                               346533.0188679245
1558.4                               347741.2398921833
1562.8000000000002                               348949.4609164421
1567.2                               350157.6819407008
1571.6000000000001                               351365.90296495956
1576.0                               352574.1239892183
1580.4                               353782.3450134771
1584.8000000000002                               354990.56603773584
1589.2                               356198.7870619946
1593.6000000000001                               357407.00808625337
1598.0                               358615.2291105121
1602.4                               359823.4501347709
1606.8000000000002                               361031.6711590297
1611.2                               362239.8921832884
1615.6000000000001                               363448.11320754717
1620.0                               364656.33423180593
1624.4                               365864.5552560647
1628.8000000000002                               367072.77628032345
1633.2                               368280.9973045822
1637.6000000000001                               369489.218328841
1642.0                               370697.4393530997
1646.4                               371905.6603773585
1650.8000000000002                               373113.88140161725
1655.2                               374322.102425876
1659.6000000000001                               375530.32345013483
1664.0                               376738.54447439354
1668.4                               377946.7654986523
1672.8000000000002                               379154.98652291106
1677.2                               380363.2075471698
1681.6000000000001                               381571.4285714286
1686.0                               382779.6495956873
1690.4                               383987.8706199461
1694.8000000000002                               385196.09164420486
1699.2                               386404.31266846356
1703.6000000000001                               387612.5336927224
1708.0                               388820.75471698114
1712.4                               390028.9757412399
1716.8000000000002                               391237.1967654987
1721.2                               392445.4177897574
1725.6000000000001                               393653.6388140162
1730.0000000000002                               394861.85983827495
1734.4                               396070.0808625337
1738.8000000000002                               397278.30188679247
1743.2                               398486.5229110512
1747.6000000000001                               399694.74393531
1752.0000000000002                               400902.96495956875
1756.4                               402111.18598382745
1760.8000000000002                               403319.4070080863
1765.2                               404527.62803234503
1769.6000000000001                               405735.8490566038
1774.0000000000002                               406944.0700808626
1778.4                               408152.2911051213
1782.8000000000002                               409360.51212938013
1787.2                               410568.7331536388
1791.6000000000001                               411776.9541778977
1796.0000000000002                               412985.1752021566
1800.4                               414193.39622641564
1804.8000000000002                               415401.61725067516
1809.2                               416609.8382749356
1813.6000000000001                               417818.05929919827
1818.0000000000002                               419026.28032346605
1822.4                               420234.5013477457
1826.8000000000002                               421442.7223720525
1831.2                               422650.94339642226
1835.6000000000001                               423859.16442093684
1840.0000000000002                               425067.38544578606
1844.4                               426275.60647140676
1848.8000000000002                               427483.82749880804
1853.2                               428692.0485303167
1857.6000000000001                               429900.26957130205
1862.0000000000002                               431108.490634151
1866.4                               432316.71174744196
1870.8000000000002                               433524.93297710875
1875.2                               434733.1544752683
1879.6000000000001                               435941.37659287336
1884.0000000000002                               437149.6001396129
1888.4                               438357.8269835371
1892.8000000000002                               439566.0614344599
1897.2                               440774.3134356298
1901.6000000000001                               441982.60592726606
1906.0000000000002                               443190.9918349454
1910.4                               444399.59326293325
1914.8000000000002                               445608.6919130162
1919.2                               446818.93766558927
1923.6000000000001                               448031.8296628401
1928.0000000000002                               449250.8254888182
1932.4                               450483.89626298985
1936.8000000000002                               451749.4007253118
1941.2                               453089.5270170828
1945.6000000000001                               454600.7214624473
1950.0000000000002                               456500.8464611457
1954.4                               459268.60671463923
1958.8000000000002                               463890.51381232555
1963.2                               472114.42698940693
1967.6000000000001                               486040.20659704716
1972.0000000000002                               505803.5160496298
1976.4                               527010.098898651
1980.8000000000002                               543823.1748553165
1985.2                               554416.2072840907
1989.6000000000001                               560411.9765294266
1994.0000000000002                               563858.2506917742
1998.4                               566069.8926926542
2002.8000000000002                               567719.54905969
2007.2                               569120.3503047882
2011.6000000000001                               570412.2789135011
2016.0000000000002                               571656.8265984398
2020.4                               572880.8014289857
2024.8000000000002                               574095.8523654115
2029.2                               575307.0340473462
2033.6000000000001                               576516.5383969201
2038.0000000000002                               577725.3156771718
2042.4                               578933.7778074424
2046.8000000000002                               580142.103337257
2051.2                               581350.3696585589
2055.6000000000004                               582558.6103164185
2060.0                               583766.8398506837
2064.4                               584975.0645635271
2068.8                               586183.2871865692
2073.2                               587391.5089038059
2077.6000000000004                               588599.7302284297
2082.0                               589807.9513828788
2086.4                               591016.1724635675
2090.8                               592224.3935122853
2095.2                               593432.6145471454
2099.6000000000004                               594640.8355759995
2104.0                               595849.0566022499
2108.4                               597057.2776273718
2112.8                               598265.4986520049
2117.2                               599473.7196764257
2121.6000000000004                               600681.9407007549
2126.0                               601890.161725044
2130.4                               603098.382749316
2134.8                               604306.6037735806
2139.2                               605514.8247978417
2143.6000000000004                               606723.0458221016
2148.0                               607931.2668463609
2152.4                               609139.4878706197
2156.8                               610347.7088948786
2161.2                               611555.9299191373
2165.6000000000004                               612764.1509433964
2170.0                               613972.371967655
2174.4                               615180.5929919138
2178.8                               616388.8140161725
2183.2                               617597.0350404312
2187.6000000000004                               618805.2560646901
2192.0                               620013.4770889487
2196.4                               621221.6981132076
2200.8                               622429.9191374663
2205.2                               623638.140161725
2209.6000000000004                               624846.3611859839
2214.0                               626054.5822102425
2218.4                               627262.8032345013
2222.8                               628471.02425876
2227.2                               629679.2452830188
2231.6000000000004                               630887.4663072777
2236.0                               632095.6873315363
2240.4                               633303.9083557951
2244.8                               634512.1293800538
2249.2                               635720.3504043126
2253.6000000000004                               636928.5714285715
2258.0                               638136.7924528302
2262.4                               639345.013477089
2266.8                               640553.2345013478
2271.2000000000003                               641761.4555256065
2275.6000000000004                               642969.6765498653
2280.0                               644177.8975741239
2284.4                               645386.1185983828
2288.8                               646594.3396226416
2293.2000000000003                               647802.5606469003
2297.6000000000004                               649010.7816711591
2302.0                               650219.0026954177
2306.4                               651427.2237196765
2310.8                               652635.4447439354
2315.2000000000003                               653843.6657681941
2319.6000000000004                               655051.8867924529
2324.0                               656260.1078167115
2328.4                               657468.3288409703
2332.8                               658676.549865229
2337.2000000000003                               659884.7708894878
2341.6000000000004                               661092.9919137467
2346.0                               662301.2129380053
2350.4                               663509.4339622641
2354.8                               664717.6549865229
2359.2000000000003                               665925.8760107816
2363.6000000000004                               667134.0970350404
2368.0                               668342.3180592993
2372.4                               669550.539083558
2376.8                               670758.7601078168
2381.2000000000003                               671966.9811320755
2385.6000000000004                               673175.2021563343
2390.0                               674383.423180593
2394.4                               675591.6442048517
2398.8                               676799.8652291106
2403.2000000000003                               678008.0862533693
2407.6000000000004                               679216.3072776281
2412.0                               680424.5283018867
2416.4                               681632.7493261455
2420.8                               682840.9703504043
2425.2000000000003                               684049.1913746631
2429.6000000000004                               685257.4123989219
2434.0                               686465.6334231806
2438.4                               687673.8544474393
2442.8                               688882.0754716981
2447.2000000000003                               690090.2964959568
2451.6000000000004                               691298.5175202156
2456.0                               692506.7385444744
2460.4                               693714.9595687331
2464.8                               694923.1805929919
2469.2000000000003                               696131.4016172506
2473.6000000000004                               697339.6226415094
2478.0                               698547.8436657682
2482.4                               699756.064690027
2486.8                               700964.2857142858
2491.2000000000003                               702172.5067385446
2495.6000000000004                               703380.7277628033
2500.0                               704588.948787062
